16
AC_000008.1 0.0000000 0.0004783 0.0121074 0.1418088 0.1355122 0.2001703 0.2001703 0.2015811 0.1939127 0.1928490 0.1813404 0.1838540 0.1928310 0.1928310 0.2503331 0.1679932 
M73260.1    0.0004783 0.0000000 0.0126022 0.1418272 0.1355298 0.2001975 0.2001975 0.2016085 0.1939390 0.1928751 0.1813648 0.1838787 0.1928570 0.1928570 0.2503685 0.1680153 
AY601635.1  0.0121074 0.0126022 0.0000000 0.1276213 0.1213885 0.1843424 0.1843424 0.1857071 0.1782295 0.1772306 0.1660216 0.1684729 0.1772145 0.1772145 0.2330180 0.1531488 
OQ518274.1  0.1418088 0.1418272 0.1276213 0.0000000 0.1518651 0.1894383 0.1894383 0.1933115 0.1858067 0.1912127 0.1786046 0.1810867 0.1849605 0.1849605 0.2373261 0.1553907 
OQ518277.1  0.1355122 0.1355298 0.1213885 0.1518651 0.0000000 0.1569920 0.1569920 0.1558879 0.1499261 0.1509635 0.1390466 0.1425715 0.1478391 0.1478391 0.1986135 0.1926510 
OQ518263.1  0.2001703 0.2001975 0.1843424 0.1894383 0.1569920 0.0000000 0.0000010 0.0293335 0.0440750 0.0632884 0.0528423 0.0538792 0.0600955 0.0600955 0.0681993 0.1445171 
OQ518296.1  0.2001703 0.2001975 0.1843424 0.1894383 0.1569920 0.0000010 0.0000000 0.0293335 0.0440750 0.0632884 0.0528423 0.0538792 0.0600955 0.0600955 0.0681993 0.1445171 
OQ518268.1  0.2015811 0.2016085 0.1857071 0.1933115 0.1558879 0.0293335 0.0293335 0.0000000 0.0348809 0.0580485 0.0476800 0.0487078 0.0643070 0.0643070 0.0524426 0.1457854 
KX868466.2  0.1939127 0.1939390 0.1782295 0.1858067 0.1499261 0.0440750 0.0440750 0.0348809 0.0000000 0.0471618 0.0369558 0.0389816 0.0522968 0.0522968 0.0763369 0.1429639 
OQ518289.1  0.1928490 0.1928751 0.1772306 0.1912127 0.1509635 0.0632884 0.0632884 0.0580485 0.0471618 0.0000000 0.0184513 0.0263840 0.0528149 0.0528149 0.0961066 0.1481534 
OQ518319.1  0.1813404 0.1813648 0.1660216 0.1786046 0.1390466 0.0528423 0.0528423 0.0476800 0.0369558 0.0184513 0.0000000 0.0164904 0.0425302 0.0425302 0.0861908 0.1362145 
OQ518303.1  0.1838540 0.1838787 0.1684729 0.1810867 0.1425715 0.0538792 0.0538792 0.0487078 0.0389816 0.0263840 0.0164904 0.0000000 0.0445710 0.0445710 0.0878276 0.1385710 
OQ518305.1  0.1928310 0.1928570 0.1772145 0.1849605 0.1478391 0.0600955 0.0600955 0.0643070 0.0522968 0.0528149 0.0425302 0.0445710 0.0000000 0.0000010 0.1037836 0.1493307 
OQ518340.1  0.1928310 0.1928570 0.1772145 0.1849605 0.1478391 0.0600955 0.0600955 0.0643070 0.0522968 0.0528149 0.0425302 0.0445710 0.0000010 0.0000000 0.1037836 0.1493307 
OQ518275.1  0.2503331 0.2503685 0.2330180 0.2373261 0.1986135 0.0681993 0.0681993 0.0524426 0.0763369 0.0961066 0.0861908 0.0878276 0.1037836 0.1037836 0.0000000 0.1881265 
OQ518283.1  0.1679932 0.1680153 0.1531488 0.1553907 0.1926510 0.1445171 0.1445171 0.1457854 0.1429639 0.1481534 0.1362145 0.1385710 0.1493307 0.1493307 0.1881265 0.0000000 
